880
0 1 21 22
1 2 22 23
2 3 23 24
3 4 24 25
4 5 25 26
5 6 26 27
6 7 27 28
7 8 28 29
8 9 29 30
9 10 30 31
10 11 31 32
11 12 32 33
12 13 33 34
13 14 34 35
14 15 35 36
15 16 36 37
16 17 37 38
17 18 38 39
18 19 39 40
19 20 40 41
21 22 42 43
22 23 43 44
23 24 44 45
24 25 45 46
25 26 46 47
26 27 47 48
27 28 48 49
28 29 49 50
29 30 50 51
30 31 51 52
31 32 52 53
32 33 53 54
33 34 54 55
34 35 55 56
35 36 56 57
36 37 57 58
37 38 58 59
38 39 59 60
39 40 60 61
40 41 61 62
42 43 63 64
43 44 64 65
44 45 65 66
45 46 66 67
46 47 67 68
47 48 68 69
48 49 69 70
49 50 70 71
50 51 71 72
51 52 72 73
52 53 73 74
53 54 74 75
54 55 75 76
55 56 76 77
56 57 77 78
57 58 78 79
58 59 79 80
59 60 80 81
60 61 81 82
61 62 82 83
63 64 84 85
64 65 85 86
65 66 86 87
66 67 87 88
67 68 88 89
68 69 89 90
69 70 90 91
70 71 91 92
71 72 92 93
72 73 93 94
73 74 94 95
74 75 95 96
75 76 96 97
76 77 97 98
77 78 98 99
78 79 99 100
79 80 100 101
80 81 101 102
81 82 102 103
82 83 103 104
84 85 105 106
85 86 106 107
86 87 107 108
87 88 108 109
88 89 109 110
89 90 110 111
90 91 111 112
91 92 112 113
92 93 113 114
93 94 114 115
94 95 115 116
95 96 116 117
96 97 117 118
97 98 118 119
98 99 119 120
99 100 120 121
100 101 121 122
101 102 122 123
102 103 123 124
103 104 124 125
105 106 126 127
106 107 127 128
107 108 128 129
108 109 129 130
109 110 130 131
110 111 131 132
111 112 132 133
112 113 133 134
113 114 134 135
114 115 135 136
115 116 136 137
116 117 137 138
117 118 138 139
118 119 139 140
119 120 140 141
120 121 141 142
121 122 142 143
122 123 143 144
123 124 144 145
124 125 145 146
126 127 147 148
127 128 148 149
128 129 149 150
129 130 150 151
130 131 151 152
131 132 152 153
132 133 153 154
133 134 154 155
134 135 155 156
135 136 156 157
136 137 157 158
137 138 158 159
138 139 159 160
139 140 160 161
140 141 161 162
141 142 162 163
142 143 163 164
143 144 164 165
144 145 165 166
145 146 166 167
147 148 168 169
148 149 169 170
149 150 170 171
150 151 171 172
151 152 172 173
152 153 173 174
153 154 174 175
154 155 175 176
155 156 176 177
156 157 177 178
157 158 178 179
158 159 179 180
159 160 180 181
160 161 181 182
161 162 182 183
162 163 183 184
163 164 184 185
164 165 185 186
165 166 186 187
166 167 187 188
168 169 189 190
169 170 190 191
170 171 191 192
171 172 192 193
172 173 193 194
173 174 194 195
174 175 195 196
175 176 196 197
176 177 197 198
177 178 198 199
178 179 199 200
179 180 200 201
180 181 201 202
181 182 202 203
182 183 203 204
183 184 204 205
184 185 205 206
185 186 206 207
186 187 207 208
187 188 208 209
189 190 210 211
190 191 211 212
191 192 212 213
192 193 213 214
193 194 214 215
194 195 215 216
195 196 216 217
196 197 217 218
197 198 218 219
198 199 219 220
199 200 220 221
200 201 221 222
201 202 222 223
202 203 223 224
203 204 224 225
204 205 225 226
205 206 226 227
206 207 227 228
207 208 228 229
208 209 229 230
210 211 231 232
211 212 232 233
212 213 233 234
213 214 234 235
214 215 235 236
215 216 236 237
216 217 237 238
217 218 238 239
218 219 239 240
219 220 240 241
220 221 241 242
221 222 242 243
222 223 243 244
223 224 244 245
224 225 245 246
225 226 246 247
226 227 247 248
227 228 248 249
228 229 249 250
229 230 250 251
231 232 252 253
232 233 253 254
233 234 254 255
234 235 255 256
235 236 256 257
236 237 257 258
237 238 258 259
238 239 259 260
239 240 260 261
240 241 261 262
241 242 262 263
242 243 263 264
243 244 264 265
244 245 265 266
245 246 266 267
246 247 267 268
247 248 268 269
248 249 269 270
249 250 270 271
250 251 271 272
252 253 273 274
253 254 274 275
254 255 275 276
255 256 276 277
256 257 277 278
257 258 278 279
258 259 279 280
259 260 280 281
260 261 281 282
261 262 282 283
262 263 283 284
263 264 284 285
264 265 285 286
265 266 286 287
266 267 287 288
267 268 288 289
268 269 289 290
269 270 290 291
270 271 291 292
271 272 292 293
273 274 294 295
274 275 295 296
275 276 296 297
276 277 297 298
277 278 298 299
278 279 299 300
279 280 300 301
280 281 301 302
281 282 302 303
282 283 303 304
283 284 304 305
284 285 305 306
285 286 306 307
286 287 307 308
287 288 308 309
288 289 309 310
289 290 310 311
290 291 311 312
291 292 312 313
292 293 313 314
294 295 315 316
295 296 316 317
296 297 317 318
297 298 318 319
298 299 319 320
299 300 320 321
300 301 321 322
301 302 322 323
302 303 323 324
303 304 324 325
304 305 325 326
305 306 326 327
306 307 327 328
307 308 328 329
308 309 329 330
309 310 330 331
310 311 331 332
311 312 332 333
312 313 333 334
313 314 334 335
315 316 336 337
316 317 337 338
317 318 338 339
318 319 339 340
319 320 340 341
320 321 341 342
321 322 342 343
322 323 343 344
323 324 344 345
324 325 345 346
325 326 346 347
326 327 347 348
327 328 348 349
328 329 349 350
329 330 350 351
330 331 351 352
331 332 352 353
332 333 353 354
333 334 354 355
334 335 355 356
336 337 357 358
337 338 358 359
338 339 359 360
339 340 360 361
340 341 361 362
341 342 362 363
342 343 363 364
343 344 364 365
344 345 365 366
345 346 366 367
346 347 367 368
347 348 368 369
348 349 369 370
349 350 370 371
350 351 371 372
351 352 372 373
352 353 373 374
353 354 374 375
354 355 375 376
355 356 376 377
357 358 378 379
358 359 379 380
359 360 380 381
360 361 381 382
361 362 382 383
362 363 383 384
363 364 384 385
364 365 385 386
365 366 386 387
366 367 387 388
367 368 388 389
368 369 389 390
369 370 390 391
370 371 391 392
371 372 392 393
372 373 393 394
373 374 394 395
374 375 395 396
375 376 396 397
376 377 397 398
378 379 399 400
379 380 400 401
380 381 401 402
381 382 402 403
382 383 403 404
383 384 404 405
384 385 405 406
385 386 406 407
386 387 407 408
387 388 408 409
388 389 409 410
389 390 410 411
390 391 411 412
391 392 412 413
392 393 413 414
393 394 414 415
394 395 415 416
395 396 416 417
396 397 417 418
397 398 418 419
399 400 420 421
400 401 421 422
401 402 422 423
402 403 423 424
403 404 424 425
404 405 425 426
405 406 426 427
406 407 427 428
407 408 428 429
408 409 429 430
409 410 430 431
410 411 431 432
411 412 432 433
412 413 433 434
413 414 434 435
414 415 435 436
415 416 436 437
416 417 437 438
417 418 438 439
418 419 439 440
420 421 441 442
421 422 442 443
422 423 443 444
423 424 444 445
424 425 445 446
425 426 446 447
426 427 447 448
427 428 448 449
428 429 449 450
429 430 450 451
430 431 451 452
431 432 452 453
432 433 453 454
433 434 454 455
434 435 455 456
435 436 456 457
436 437 457 458
437 438 458 459
438 439 459 460
439 440 460 461
441 442 462 463
442 443 463 464
443 444 464 465
444 445 465 466
445 446 466 467
446 447 467 468
447 448 468 469
448 449 469 470
449 450 470 471
450 451 471 472
451 452 472 473
452 453 473 474
453 454 474 475
454 455 475 476
455 456 476 477
456 457 477 478
457 458 478 479
458 459 479 480
459 460 480 481
460 461 481 482
462 463 483 484
463 464 484 485
464 465 485 486
465 466 486 487
466 467 487 488
467 468 488 489
468 469 489 490
469 470 490 491
470 471 491 492
471 472 492 493
472 473 493 494
473 474 494 495
474 475 495 496
475 476 496 497
476 477 497 498
477 478 498 499
478 479 499 500
479 480 500 501
480 481 501 502
481 482 502 503
483 484 504 505
484 485 505 506
485 486 506 507
486 487 507 508
487 488 508 509
488 489 509 510
489 490 510 511
490 491 511 512
491 492 512 513
492 493 513 514
493 494 514 515
494 495 515 516
495 496 516 517
496 497 517 518
497 498 518 519
498 499 519 520
499 500 520 521
500 501 521 522
501 502 522 523
502 503 523 524
504 505 525 526
505 506 526 527
506 507 527 528
507 508 528 529
508 509 529 530
509 510 530 531
510 511 531 532
511 512 532 533
512 513 533 534
513 514 534 535
514 515 535 536
515 516 536 537
516 517 537 538
517 518 538 539
518 519 539 540
519 520 540 541
520 521 541 542
521 522 542 543
522 523 543 544
523 524 544 545
525 526 546 547
526 527 547 548
527 528 548 549
528 529 549 550
529 530 550 551
530 531 551 552
531 532 552 553
532 533 553 554
533 534 554 555
534 535 555 556
535 536 556 557
536 537 557 558
537 538 558 559
538 539 559 560
539 540 560 561
540 541 561 562
541 542 562 563
542 543 563 564
543 544 564 565
544 545 565 566
546 547 567 568
547 548 568 569
548 549 569 570
549 550 570 571
550 551 571 572
551 552 572 573
552 553 573 574
553 554 574 575
554 555 575 576
555 556 576 577
556 557 577 578
557 558 578 579
558 559 579 580
559 560 580 581
560 561 581 582
561 562 582 583
562 563 583 584
563 564 584 585
564 565 585 586
565 566 586 587
567 568 588 589
568 569 589 590
569 570 590 591
570 571 591 592
571 572 592 593
572 573 593 594
573 574 594 595
574 575 595 596
575 576 596 597
576 577 597 598
577 578 598 599
578 579 599 600
579 580 600 601
580 581 601 602
581 582 602 603
582 583 603 604
583 584 604 605
584 585 605 606
585 586 606 607
586 587 607 608
588 589 609 610
589 590 610 611
590 591 611 612
591 592 612 613
592 593 613 614
593 594 614 615
594 595 615 616
595 596 616 617
596 597 617 618
597 598 618 619
598 599 619 620
599 600 620 621
600 601 621 622
601 602 622 623
602 603 623 624
603 604 624 625
604 605 625 626
605 606 626 627
606 607 627 628
607 608 628 629
609 610 630 631
610 611 631 632
611 612 632 633
612 613 633 634
613 614 634 635
614 615 635 636
615 616 636 637
616 617 637 638
617 618 638 639
618 619 639 640
619 620 640 641
620 621 641 642
621 622 642 643
622 623 643 644
623 624 644 645
624 625 645 646
625 626 646 647
626 627 647 648
627 628 648 649
628 629 649 650
630 631 651 652
631 632 652 653
632 633 653 654
633 634 654 655
634 635 655 656
635 636 656 657
636 637 657 658
637 638 658 659
638 639 659 660
639 640 660 661
640 641 661 662
641 642 662 663
642 643 663 664
643 644 664 665
644 645 665 666
645 646 666 667
646 647 667 668
647 648 668 669
648 649 669 670
649 650 670 671
651 652 672 673
652 653 673 674
653 654 674 675
654 655 675 676
655 656 676 677
656 657 677 678
657 658 678 679
658 659 679 680
659 660 680 681
660 661 681 682
661 662 682 683
662 663 683 684
663 664 684 685
664 665 685 686
665 666 686 687
666 667 687 688
667 668 688 689
668 669 689 690
669 670 690 691
670 671 691 692
672 673 693 694
673 674 694 695
674 675 695 696
675 676 696 697
676 677 697 698
677 678 698 699
678 679 699 700
679 680 700 701
680 681 701 702
681 682 702 703
682 683 703 704
683 684 704 705
684 685 705 706
685 686 706 707
686 687 707 708
687 688 708 709
688 689 709 710
689 690 710 711
690 691 711 712
691 692 712 713
693 694 714 715
694 695 715 716
695 696 716 717
696 697 717 718
697 698 718 719
698 699 719 720
699 700 720 721
700 701 721 722
701 702 722 723
702 703 723 724
703 704 724 725
704 705 725 726
705 706 726 727
706 707 727 728
707 708 728 729
708 709 729 730
709 710 730 731
710 711 731 732
711 712 732 733
712 713 733 734
714 715 735 736
715 716 736 737
716 717 737 738
717 718 738 739
718 719 739 740
719 720 740 741
720 721 741 742
721 722 742 743
722 723 743 744
723 724 744 745
724 725 745 746
725 726 746 747
726 727 747 748
727 728 748 749
728 729 749 750
729 730 750 751
730 731 751 752
731 732 752 753
732 733 753 754
733 734 754 755
735 736 756 757
736 737 757 758
737 738 758 759
738 739 759 760
739 740 760 761
740 741 761 762
741 742 762 763
742 743 763 764
743 744 764 765
744 745 765 766
745 746 766 767
746 747 767 768
747 748 768 769
748 749 769 770
749 750 770 771
750 751 771 772
751 752 772 773
752 753 773 774
753 754 774 775
754 755 775 776
756 757 777 778
757 758 778 779
758 759 779 780
759 760 780 781
760 761 781 782
761 762 782 783
762 763 783 784
763 764 784 785
764 765 785 786
765 766 786 787
766 767 787 788
767 768 788 789
768 769 789 790
769 770 790 791
770 771 791 792
771 772 792 793
772 773 793 794
773 774 794 795
774 775 795 796
775 776 796 797
777 778 798 799
778 779 799 800
779 780 800 801
780 781 801 802
781 782 802 803
782 783 803 804
783 784 804 805
784 785 805 806
785 786 806 807
786 787 807 808
787 788 808 809
788 789 809 810
789 790 810 811
790 791 811 812
791 792 812 813
792 793 813 814
793 794 814 815
794 795 815 816
795 796 816 817
796 797 817 818
798 799 819 820
799 800 820 821
800 801 821 822
801 802 822 823
802 803 823 824
803 804 824 825
804 805 825 826
805 806 826 827
806 807 827 828
807 808 828 829
808 809 829 830
809 810 830 831
810 811 831 832
811 812 832 833
812 813 833 834
813 814 834 835
814 815 835 836
815 816 836 837
816 817 837 838
817 818 838 839
819 820 840 841
820 821 841 842
821 822 842 843
822 823 843 844
823 824 844 845
824 825 845 846
825 826 846 847
826 827 847 848
827 828 848 849
828 829 849 850
829 830 850 851
830 831 851 852
831 832 852 853
832 833 853 854
833 834 854 855
834 835 855 856
835 836 856 857
836 837 857 858
837 838 858 859
838 839 859 860
840 841 861 862
841 842 862 863
842 843 863 864
843 844 864 865
844 845 865 866
845 846 866 867
846 847 867 868
847 848 868 869
848 849 869 870
849 850 870 871
850 851 871 872
851 852 872 873
852 853 873 874
853 854 874 875
854 855 875 876
855 856 876 877
856 857 877 878
857 858 878 879
858 859 879 880
859 860 880 881
861 862 882 883
862 863 883 884
863 864 884 885
864 865 885 886
865 866 886 887
866 867 887 888
867 868 888 889
868 869 889 890
869 870 890 891
870 871 891 892
871 872 892 893
872 873 893 894
873 874 894 895
874 875 895 896
875 876 896 897
876 877 897 898
877 878 898 899
878 879 899 900
879 880 900 901
880 881 901 902
882 883 903 904
883 884 904 905
884 885 905 906
885 886 906 907
886 887 907 908
887 888 908 909
888 889 909 910
889 890 910 911
890 891 911 912
891 892 912 913
892 893 913 914
893 894 914 915
894 895 915 916
895 896 916 917
896 897 917 918
897 898 918 919
898 899 919 920
899 900 920 921
900 901 921 922
901 902 922 923
903 904 924 925
904 905 925 926
905 906 926 927
906 907 927 928
907 908 928 929
908 909 929 930
909 910 930 931
910 911 931 932
911 912 932 933
912 913 933 934
913 914 934 935
914 915 935 936
915 916 936 937
916 917 937 938
917 918 938 939
918 919 939 940
919 920 940 941
920 921 941 942
921 922 942 943
922 923 943 944
