945
1 0
1.064516129032258 0
1.129032258064516 0
1.193548387096774 0
1.258064516129032 0
1.387096774193548 0
1.516129032258065 0
1.645161290322581 0
1.774193548387097 0
2.032258064516129 0
2.290322580645161 0
2.548387096774194 0
2.806451612903226 0
3.32258064516129 0
3.838709677419355 0
4.35483870967742 0
4.870967741935484 0
5.903225806451613 0
6.935483870967742 0
7.967741935483871 0
9 0
1 0.225
1.064516129032258 0.225
1.129032258064516 0.225
1.193548387096774 0.225
1.258064516129032 0.225
1.387096774193548 0.225
1.516129032258065 0.225
1.645161290322581 0.225
1.774193548387097 0.225
2.032258064516129 0.225
2.290322580645161 0.225
2.548387096774194 0.225
2.806451612903226 0.225
3.32258064516129 0.225
3.838709677419355 0.225
4.35483870967742 0.225
4.870967741935484 0.225
5.903225806451613 0.225
6.935483870967742 0.225
7.967741935483871 0.225
9 0.225
1 0.45
1.064516129032258 0.45
1.129032258064516 0.45
1.193548387096774 0.45
1.258064516129032 0.45
1.387096774193548 0.45
1.516129032258065 0.45
1.645161290322581 0.45
1.774193548387097 0.45
2.032258064516129 0.45
2.290322580645161 0.45
2.548387096774194 0.45
2.806451612903226 0.45
3.32258064516129 0.45
3.838709677419355 0.45
4.35483870967742 0.45
4.870967741935484 0.45
5.903225806451613 0.45
6.935483870967742 0.45
7.967741935483871 0.45
9 0.45
1 0.675
1.064516129032258 0.675
1.129032258064516 0.675
1.193548387096774 0.675
1.258064516129032 0.675
1.387096774193548 0.675
1.516129032258065 0.675
1.645161290322581 0.675
1.774193548387097 0.675
2.032258064516129 0.675
2.290322580645161 0.675
2.548387096774194 0.675
2.806451612903226 0.675
3.32258064516129 0.675
3.838709677419355 0.675
4.35483870967742 0.675
4.870967741935484 0.675
5.903225806451613 0.675
6.935483870967742 0.675
7.967741935483871 0.675
9 0.675
1 0.9
1.064516129032258 0.9
1.129032258064516 0.9
1.193548387096774 0.9
1.258064516129032 0.9
1.387096774193548 0.9
1.516129032258065 0.9
1.645161290322581 0.9
1.774193548387097 0.9
2.032258064516129 0.9
2.290322580645161 0.9
2.548387096774194 0.9
2.806451612903226 0.9
3.32258064516129 0.9
3.838709677419355 0.9
4.35483870967742 0.9
4.870967741935484 0.9
5.903225806451613 0.9
6.935483870967742 0.9
7.967741935483871 0.9
9 0.9
1 0.925
1.064516129032258 0.925
1.129032258064516 0.925
1.193548387096774 0.925
1.258064516129032 0.925
1.387096774193548 0.925
1.516129032258065 0.925
1.645161290322581 0.925
1.774193548387097 0.925
2.032258064516129 0.925
2.290322580645161 0.925
2.548387096774194 0.925
2.806451612903226 0.925
3.32258064516129 0.925
3.838709677419355 0.925
4.35483870967742 0.925
4.870967741935484 0.925
5.903225806451613 0.925
6.935483870967742 0.925
7.967741935483871 0.925
9 0.925
1 0.95
1.064516129032258 0.95
1.129032258064516 0.95
1.193548387096774 0.95
1.258064516129032 0.95
1.387096774193548 0.95
1.516129032258065 0.95
1.645161290322581 0.95
1.774193548387097 0.95
2.032258064516129 0.95
2.290322580645161 0.95
2.548387096774194 0.95
2.806451612903226 0.95
3.32258064516129 0.95
3.838709677419355 0.95
4.35483870967742 0.95
4.870967741935484 0.95
5.903225806451613 0.95
6.935483870967742 0.95
7.967741935483871 0.95
9 0.95
1 0.975
1.064516129032258 0.975
1.129032258064516 0.975
1.193548387096774 0.975
1.258064516129032 0.975
1.387096774193548 0.975
1.516129032258065 0.975
1.645161290322581 0.975
1.774193548387097 0.975
2.032258064516129 0.975
2.290322580645161 0.975
2.548387096774194 0.975
2.806451612903226 0.975
3.32258064516129 0.975
3.838709677419355 0.975
4.35483870967742 0.975
4.870967741935484 0.975
5.903225806451613 0.975
6.935483870967742 0.975
7.967741935483871 0.975
9 0.975
1 1
1.064516129032258 1
1.129032258064516 1
1.193548387096774 1
1.258064516129032 1
1.387096774193548 1
1.516129032258065 1
1.645161290322581 1
1.774193548387097 1
2.032258064516129 1
2.290322580645161 1
2.548387096774194 1
2.806451612903226 1
3.32258064516129 1
3.838709677419355 1
4.35483870967742 1
4.870967741935484 1
5.903225806451613 1
6.935483870967742 1
7.967741935483871 1
9 1
1 1.2
1.064516129032258 1.2
1.129032258064516 1.2
1.193548387096774 1.2
1.258064516129032 1.2
1.387096774193548 1.2
1.516129032258065 1.2
1.645161290322581 1.2
1.774193548387097 1.2
2.032258064516129 1.2
2.290322580645161 1.2
2.548387096774194 1.2
2.806451612903226 1.2
3.32258064516129 1.2
3.838709677419355 1.2
4.35483870967742 1.2
4.870967741935484 1.2
5.903225806451613 1.2
6.935483870967742 1.2
7.967741935483871 1.2
9 1.2
1 1.4
1.064516129032258 1.4
1.129032258064516 1.4
1.193548387096774 1.4
1.258064516129032 1.4
1.387096774193548 1.4
1.516129032258065 1.4
1.645161290322581 1.4
1.774193548387097 1.4
2.032258064516129 1.4
2.290322580645161 1.4
2.548387096774194 1.4
2.806451612903226 1.4
3.32258064516129 1.4
3.838709677419355 1.4
4.35483870967742 1.4
4.870967741935484 1.4
5.903225806451613 1.4
6.935483870967742 1.4
7.967741935483871 1.4
9 1.4
1 1.6
1.064516129032258 1.6
1.129032258064516 1.6
1.193548387096774 1.6
1.258064516129032 1.6
1.387096774193548 1.6
1.516129032258065 1.6
1.645161290322581 1.6
1.774193548387097 1.6
2.032258064516129 1.6
2.290322580645161 1.6
2.548387096774194 1.6
2.806451612903226 1.6
3.32258064516129 1.6
3.838709677419355 1.6
4.35483870967742 1.6
4.870967741935484 1.6
5.903225806451613 1.6
6.935483870967742 1.6
7.967741935483871 1.6
9 1.6
1 1.8
1.064516129032258 1.8
1.129032258064516 1.8
1.193548387096774 1.8
1.258064516129032 1.8
1.387096774193548 1.8
1.516129032258065 1.8
1.645161290322581 1.8
1.774193548387097 1.8
2.032258064516129 1.8
2.290322580645161 1.8
2.548387096774194 1.8
2.806451612903226 1.8
3.32258064516129 1.8
3.838709677419355 1.8
4.35483870967742 1.8
4.870967741935484 1.8
5.903225806451613 1.8
6.935483870967742 1.8
7.967741935483871 1.8
9 1.8
1 2.025
1.064516129032258 2.025
1.129032258064516 2.025
1.193548387096774 2.025
1.258064516129032 2.025
1.387096774193548 2.025
1.516129032258065 2.025
1.645161290322581 2.025
1.774193548387097 2.025
2.032258064516129 2.025
2.290322580645161 2.025
2.548387096774194 2.025
2.806451612903226 2.025
3.32258064516129 2.025
3.838709677419355 2.025
4.35483870967742 2.025
4.870967741935484 2.025
5.903225806451613 2.025
6.935483870967742 2.025
7.967741935483871 2.025
9 2.025
1 2.25
1.064516129032258 2.25
1.129032258064516 2.25
1.193548387096774 2.25
1.258064516129032 2.25
1.387096774193548 2.25
1.516129032258065 2.25
1.645161290322581 2.25
1.774193548387097 2.25
2.032258064516129 2.25
2.290322580645161 2.25
2.548387096774194 2.25
2.806451612903226 2.25
3.32258064516129 2.25
3.838709677419355 2.25
4.35483870967742 2.25
4.870967741935484 2.25
5.903225806451613 2.25
6.935483870967742 2.25
7.967741935483871 2.25
9 2.25
1 2.475
1.064516129032258 2.475
1.129032258064516 2.475
1.193548387096774 2.475
1.258064516129032 2.475
1.387096774193548 2.475
1.516129032258065 2.475
1.645161290322581 2.475
1.774193548387097 2.475
2.032258064516129 2.475
2.290322580645161 2.475
2.548387096774194 2.475
2.806451612903226 2.475
3.32258064516129 2.475
3.838709677419355 2.475
4.35483870967742 2.475
4.870967741935484 2.475
5.903225806451613 2.475
6.935483870967742 2.475
7.967741935483871 2.475
9 2.475
1 2.7
1.064516129032258 2.7
1.129032258064516 2.7
1.193548387096774 2.7
1.258064516129032 2.7
1.387096774193548 2.7
1.516129032258065 2.7
1.645161290322581 2.7
1.774193548387097 2.7
2.032258064516129 2.7
2.290322580645161 2.7
2.548387096774194 2.7
2.806451612903226 2.7
3.32258064516129 2.7
3.838709677419355 2.7
4.35483870967742 2.7
4.870967741935484 2.7
5.903225806451613 2.7
6.935483870967742 2.7
7.967741935483871 2.7
9 2.7
1 2.775
1.064516129032258 2.775
1.129032258064516 2.775
1.193548387096774 2.775
1.258064516129032 2.775
1.387096774193548 2.775
1.516129032258065 2.775
1.645161290322581 2.775
1.774193548387097 2.775
2.032258064516129 2.775
2.290322580645161 2.775
2.548387096774194 2.775
2.806451612903226 2.775
3.32258064516129 2.775
3.838709677419355 2.775
4.35483870967742 2.775
4.870967741935484 2.775
5.903225806451613 2.775
6.935483870967742 2.775
7.967741935483871 2.775
9 2.775
1 2.85
1.064516129032258 2.85
1.129032258064516 2.85
1.193548387096774 2.85
1.258064516129032 2.85
1.387096774193548 2.85
1.516129032258065 2.85
1.645161290322581 2.85
1.774193548387097 2.85
2.032258064516129 2.85
2.290322580645161 2.85
2.548387096774194 2.85
2.806451612903226 2.85
3.32258064516129 2.85
3.838709677419355 2.85
4.35483870967742 2.85
4.870967741935484 2.85
5.903225806451613 2.85
6.935483870967742 2.85
7.967741935483871 2.85
9 2.85
1 2.925
1.064516129032258 2.925
1.129032258064516 2.925
1.193548387096774 2.925
1.258064516129032 2.925
1.387096774193548 2.925
1.516129032258065 2.925
1.645161290322581 2.925
1.774193548387097 2.925
2.032258064516129 2.925
2.290322580645161 2.925
2.548387096774194 2.925
2.806451612903226 2.925
3.32258064516129 2.925
3.838709677419355 2.925
4.35483870967742 2.925
4.870967741935484 2.925
5.903225806451613 2.925
6.935483870967742 2.925
7.967741935483871 2.925
9 2.925
1 3
1.064516129032258 3
1.129032258064516 3
1.193548387096774 3
1.258064516129032 3
1.387096774193548 3
1.516129032258065 3
1.645161290322581 3
1.774193548387097 3
2.032258064516129 3
2.290322580645161 3
2.548387096774194 3
2.806451612903226 3
3.32258064516129 3
3.838709677419355 3
4.35483870967742 3
4.870967741935484 3
5.903225806451613 3
6.935483870967742 3
7.967741935483871 3
9 3
1 3.15
1.064516129032258 3.15
1.129032258064516 3.15
1.193548387096774 3.15
1.258064516129032 3.15
1.387096774193548 3.15
1.516129032258065 3.15
1.645161290322581 3.15
1.774193548387097 3.15
2.032258064516129 3.15
2.290322580645161 3.15
2.548387096774194 3.15
2.806451612903226 3.15
3.32258064516129 3.15
3.838709677419355 3.15
4.35483870967742 3.15
4.870967741935484 3.15
5.903225806451613 3.15
6.935483870967742 3.15
7.967741935483871 3.15
9 3.15
1 3.3
1.064516129032258 3.3
1.129032258064516 3.3
1.193548387096774 3.3
1.258064516129032 3.3
1.387096774193548 3.3
1.516129032258065 3.3
1.645161290322581 3.3
1.774193548387097 3.3
2.032258064516129 3.3
2.290322580645161 3.3
2.548387096774194 3.3
2.806451612903226 3.3
3.32258064516129 3.3
3.838709677419355 3.3
4.35483870967742 3.3
4.870967741935484 3.3
5.903225806451613 3.3
6.935483870967742 3.3
7.967741935483871 3.3
9 3.3
1 3.45
1.064516129032258 3.45
1.129032258064516 3.45
1.193548387096774 3.45
1.258064516129032 3.45
1.387096774193548 3.45
1.516129032258065 3.45
1.645161290322581 3.45
1.774193548387097 3.45
2.032258064516129 3.45
2.290322580645161 3.45
2.548387096774194 3.45
2.806451612903226 3.45
3.32258064516129 3.45
3.838709677419355 3.45
4.35483870967742 3.45
4.870967741935484 3.45
5.903225806451613 3.45
6.935483870967742 3.45
7.967741935483871 3.45
9 3.45
1 3.6
1.064516129032258 3.6
1.129032258064516 3.6
1.193548387096774 3.6
1.258064516129032 3.6
1.387096774193548 3.6
1.516129032258065 3.6
1.645161290322581 3.6
1.774193548387097 3.6
2.032258064516129 3.6
2.290322580645161 3.6
2.548387096774194 3.6
2.806451612903226 3.6
3.32258064516129 3.6
3.838709677419355 3.6
4.35483870967742 3.6
4.870967741935484 3.6
5.903225806451613 3.6
6.935483870967742 3.6
7.967741935483871 3.6
9 3.6
1 3.7
1.064516129032258 3.7
1.129032258064516 3.7
1.193548387096774 3.7
1.258064516129032 3.7
1.387096774193548 3.7
1.516129032258065 3.7
1.645161290322581 3.7
1.774193548387097 3.7
2.032258064516129 3.7
2.290322580645161 3.7
2.548387096774194 3.7
2.806451612903226 3.7
3.32258064516129 3.7
3.838709677419355 3.7
4.35483870967742 3.7
4.870967741935484 3.7
5.903225806451613 3.7
6.935483870967742 3.7
7.967741935483871 3.7
9 3.7
1 3.8
1.064516129032258 3.8
1.129032258064516 3.8
1.193548387096774 3.8
1.258064516129032 3.8
1.387096774193548 3.8
1.516129032258065 3.8
1.645161290322581 3.8
1.774193548387097 3.8
2.032258064516129 3.8
2.290322580645161 3.8
2.548387096774194 3.8
2.806451612903226 3.8
3.32258064516129 3.8
3.838709677419355 3.8
4.35483870967742 3.8
4.870967741935484 3.8
5.903225806451613 3.8
6.935483870967742 3.8
7.967741935483871 3.8
9 3.8
1 3.9
1.064516129032258 3.9
1.129032258064516 3.9
1.193548387096774 3.9
1.258064516129032 3.9
1.387096774193548 3.9
1.516129032258065 3.9
1.645161290322581 3.9
1.774193548387097 3.9
2.032258064516129 3.9
2.290322580645161 3.9
2.548387096774194 3.9
2.806451612903226 3.9
3.32258064516129 3.9
3.838709677419355 3.9
4.35483870967742 3.9
4.870967741935484 3.9
5.903225806451613 3.9
6.935483870967742 3.9
7.967741935483871 3.9
9 3.9
1 4
1.064516129032258 4
1.129032258064516 4
1.193548387096774 4
1.258064516129032 4
1.387096774193548 4
1.516129032258065 4
1.645161290322581 4
1.774193548387097 4
2.032258064516129 4
2.290322580645161 4
2.548387096774194 4
2.806451612903226 4
3.32258064516129 4
3.838709677419355 4
4.35483870967742 4
4.870967741935484 4
5.903225806451613 4
6.935483870967742 4
7.967741935483871 4
9 4
1 4.125
1.064516129032258 4.125
1.129032258064516 4.125
1.193548387096774 4.125
1.258064516129032 4.125
1.387096774193548 4.125
1.516129032258065 4.125
1.645161290322581 4.125
1.774193548387097 4.125
2.032258064516129 4.125
2.290322580645161 4.125
2.548387096774194 4.125
2.806451612903226 4.125
3.32258064516129 4.125
3.838709677419355 4.125
4.35483870967742 4.125
4.870967741935484 4.125
5.903225806451613 4.125
6.935483870967742 4.125
7.967741935483871 4.125
9 4.125
1 4.25
1.064516129032258 4.25
1.129032258064516 4.25
1.193548387096774 4.25
1.258064516129032 4.25
1.387096774193548 4.25
1.516129032258065 4.25
1.645161290322581 4.25
1.774193548387097 4.25
2.032258064516129 4.25
2.290322580645161 4.25
2.548387096774194 4.25
2.806451612903226 4.25
3.32258064516129 4.25
3.838709677419355 4.25
4.35483870967742 4.25
4.870967741935484 4.25
5.903225806451613 4.25
6.935483870967742 4.25
7.967741935483871 4.25
9 4.25
1 4.375
1.064516129032258 4.375
1.129032258064516 4.375
1.193548387096774 4.375
1.258064516129032 4.375
1.387096774193548 4.375
1.516129032258065 4.375
1.645161290322581 4.375
1.774193548387097 4.375
2.032258064516129 4.375
2.290322580645161 4.375
2.548387096774194 4.375
2.806451612903226 4.375
3.32258064516129 4.375
3.838709677419355 4.375
4.35483870967742 4.375
4.870967741935484 4.375
5.903225806451613 4.375
6.935483870967742 4.375
7.967741935483871 4.375
9 4.375
1 4.5
1.064516129032258 4.5
1.129032258064516 4.5
1.193548387096774 4.5
1.258064516129032 4.5
1.387096774193548 4.5
1.516129032258065 4.5
1.645161290322581 4.5
1.774193548387097 4.5
2.032258064516129 4.5
2.290322580645161 4.5
2.548387096774194 4.5
2.806451612903226 4.5
3.32258064516129 4.5
3.838709677419355 4.5
4.35483870967742 4.5
4.870967741935484 4.5
5.903225806451613 4.5
6.935483870967742 4.5
7.967741935483871 4.5
9 4.5
1 4.625
1.064516129032258 4.625
1.129032258064516 4.625
1.193548387096774 4.625
1.258064516129032 4.625
1.387096774193548 4.625
1.516129032258065 4.625
1.645161290322581 4.625
1.774193548387097 4.625
2.032258064516129 4.625
2.290322580645161 4.625
2.548387096774194 4.625
2.806451612903226 4.625
3.32258064516129 4.625
3.838709677419355 4.625
4.35483870967742 4.625
4.870967741935484 4.625
5.903225806451613 4.625
6.935483870967742 4.625
7.967741935483871 4.625
9 4.625
1 4.75
1.064516129032258 4.75
1.129032258064516 4.75
1.193548387096774 4.75
1.258064516129032 4.75
1.387096774193548 4.75
1.516129032258065 4.75
1.645161290322581 4.75
1.774193548387097 4.75
2.032258064516129 4.75
2.290322580645161 4.75
2.548387096774194 4.75
2.806451612903226 4.75
3.32258064516129 4.75
3.838709677419355 4.75
4.35483870967742 4.75
4.870967741935484 4.75
5.903225806451613 4.75
6.935483870967742 4.75
7.967741935483871 4.75
9 4.75
1 4.875
1.064516129032258 4.875
1.129032258064516 4.875
1.193548387096774 4.875
1.258064516129032 4.875
1.387096774193548 4.875
1.516129032258065 4.875
1.645161290322581 4.875
1.774193548387097 4.875
2.032258064516129 4.875
2.290322580645161 4.875
2.548387096774194 4.875
2.806451612903226 4.875
3.32258064516129 4.875
3.838709677419355 4.875
4.35483870967742 4.875
4.870967741935484 4.875
5.903225806451613 4.875
6.935483870967742 4.875
7.967741935483871 4.875
9 4.875
1 5
1.064516129032258 5
1.129032258064516 5
1.193548387096774 5
1.258064516129032 5
1.387096774193548 5
1.516129032258065 5
1.645161290322581 5
1.774193548387097 5
2.032258064516129 5
2.290322580645161 5
2.548387096774194 5
2.806451612903226 5
3.32258064516129 5
3.838709677419355 5
4.35483870967742 5
4.870967741935484 5
5.903225806451613 5
6.935483870967742 5
7.967741935483871 5
9 5
1 5.4375
1.064516129032258 5.4375
1.129032258064516 5.4375
1.193548387096774 5.4375
1.258064516129032 5.4375
1.387096774193548 5.4375
1.516129032258065 5.4375
1.645161290322581 5.4375
1.774193548387097 5.4375
2.032258064516129 5.4375
2.290322580645161 5.4375
2.548387096774194 5.4375
2.806451612903226 5.4375
3.32258064516129 5.4375
3.838709677419355 5.4375
4.35483870967742 5.4375
4.870967741935484 5.4375
5.903225806451613 5.4375
6.935483870967742 5.4375
7.967741935483871 5.4375
9 5.4375
1 5.875
1.064516129032258 5.875
1.129032258064516 5.875
1.193548387096774 5.875
1.258064516129032 5.875
1.387096774193548 5.875
1.516129032258065 5.875
1.645161290322581 5.875
1.774193548387097 5.875
2.032258064516129 5.875
2.290322580645161 5.875
2.548387096774194 5.875
2.806451612903226 5.875
3.32258064516129 5.875
3.838709677419355 5.875
4.35483870967742 5.875
4.870967741935484 5.875
5.903225806451613 5.875
6.935483870967742 5.875
7.967741935483871 5.875
9 5.875
1 6.3125
1.064516129032258 6.3125
1.129032258064516 6.3125
1.193548387096774 6.3125
1.258064516129032 6.3125
1.387096774193548 6.3125
1.516129032258065 6.3125
1.645161290322581 6.3125
1.774193548387097 6.3125
2.032258064516129 6.3125
2.290322580645161 6.3125
2.548387096774194 6.3125
2.806451612903226 6.3125
3.32258064516129 6.3125
3.838709677419355 6.3125
4.35483870967742 6.3125
4.870967741935484 6.3125
5.903225806451613 6.3125
6.935483870967742 6.3125
7.967741935483871 6.3125
9 6.3125
1 6.75
1.064516129032258 6.75
1.129032258064516 6.75
1.193548387096774 6.75
1.258064516129032 6.75
1.387096774193548 6.75
1.516129032258065 6.75
1.645161290322581 6.75
1.774193548387097 6.75
2.032258064516129 6.75
2.290322580645161 6.75
2.548387096774194 6.75
2.806451612903226 6.75
3.32258064516129 6.75
3.838709677419355 6.75
4.35483870967742 6.75
4.870967741935484 6.75
5.903225806451613 6.75
6.935483870967742 6.75
7.967741935483871 6.75
9 6.75
1 7.3125
1.064516129032258 7.3125
1.129032258064516 7.3125
1.193548387096774 7.3125
1.258064516129032 7.3125
1.387096774193548 7.3125
1.516129032258065 7.3125
1.645161290322581 7.3125
1.774193548387097 7.3125
2.032258064516129 7.3125
2.290322580645161 7.3125
2.548387096774194 7.3125
2.806451612903226 7.3125
3.32258064516129 7.3125
3.838709677419355 7.3125
4.35483870967742 7.3125
4.870967741935484 7.3125
5.903225806451613 7.3125
6.935483870967742 7.3125
7.967741935483871 7.3125
9 7.3125
1 7.875
1.064516129032258 7.875
1.129032258064516 7.875
1.193548387096774 7.875
1.258064516129032 7.875
1.387096774193548 7.875
1.516129032258065 7.875
1.645161290322581 7.875
1.774193548387097 7.875
2.032258064516129 7.875
2.290322580645161 7.875
2.548387096774194 7.875
2.806451612903226 7.875
3.32258064516129 7.875
3.838709677419355 7.875
4.35483870967742 7.875
4.870967741935484 7.875
5.903225806451613 7.875
6.935483870967742 7.875
7.967741935483871 7.875
9 7.875
1 8.4375
1.064516129032258 8.4375
1.129032258064516 8.4375
1.193548387096774 8.4375
1.258064516129032 8.4375
1.387096774193548 8.4375
1.516129032258065 8.4375
1.645161290322581 8.4375
1.774193548387097 8.4375
2.032258064516129 8.4375
2.290322580645161 8.4375
2.548387096774194 8.4375
2.806451612903226 8.4375
3.32258064516129 8.4375
3.838709677419355 8.4375
4.35483870967742 8.4375
4.870967741935484 8.4375
5.903225806451613 8.4375
6.935483870967742 8.4375
7.967741935483871 8.4375
9 8.4375
1 9
1.064516129032258 9
1.129032258064516 9
1.193548387096774 9
1.258064516129032 9
1.387096774193548 9
1.516129032258065 9
1.645161290322581 9
1.774193548387097 9
2.032258064516129 9
2.290322580645161 9
2.548387096774194 9
2.806451612903226 9
3.32258064516129 9
3.838709677419355 9
4.35483870967742 9
4.870967741935484 9
5.903225806451613 9
6.935483870967742 9
7.967741935483871 9
9 9
